1 81 27 99 1 3 0 1475249291593 2 
1 41 53 95 1 3 3 1475249291796 2 
1 1 89 93 1 3 6 1475249291996 2 
21 1 151 89 1 3 9 1475249292197 2 
98 1 176 65 1 3 12 1475249292464 2 
138 1 204 59 1 3 15 1475249292665 2 
138 1 204 59 1 3 18 1475249292869 2 
230 1 264 25 2 3 21 1475249293229 2 
256 1 274 9 2 3 24 1475249293430 2 
172 225 184 235 5 3 27 1475249563911 2 
172 225 184 235 5 3 30 1475249564112 2 
1 1 29 17 8 3 33 1475249624337 2 
2 1 52 25 8 3 36 1475249624607 2 
20 1 72 27 8 3 39 1475249624805 2 
39 1 95 31 8 3 42 1475249625006 2 
62 1 118 37 8 3 45 1475249625207 2 
96 1 146 41 8 3 48 1475249625474 2 
107 1 167 51 8 3 51 1475249625674 2 
121 11 127 21 8 3 54 1475249625906 2 
1 1 91 87 9 3 54 1475249625906 2 
127 1 139 15 8 3 57 1475249626107 2 
1 1 115 91 9 3 57 1475249626107 2 
143 1 221 49 8 3 60 1475249626305 2 
19 1 139 87 9 3 60 1475249626305 2 
170 1 236 47 8 3 63 1475249626506 2 
57 1 157 85 9 3 63 1475249626506 2 
177 1 239 45 8 3 66 1475249626710 2 
84 1 250 93 9 3 66 1475249626710 2 
206 1 268 45 8 3 69 1475249626911 2 
113 1 225 93 9 3 69 1475249626911 2 
206 1 268 45 8 3 72 1475249627109 2 
146 1 282 93 9 3 72 1475249627109 2 
173 1 293 97 9 3 75 1475249627310 2 
191 1 313 95 9 3 78 1475249627511 2 
198 1 314 95 9 3 81 1475249627714 2 
217 1 313 95 9 3 84 1475249627912 2 
255 1 313 95 9 3 87 1475249628113 2 
259 1 313 89 9 3 90 1475249628314 2 
245 1 313 89 9 3 93 1475249628516 2 
244 1 298 31 9 3 96 1475249628716 2 
245 1 301 31 9 3 99 1475249628942 2 
245 1 299 29 9 3 102 1475249629142 2 
245 1 297 29 9 3 105 1475249629346 2 
246 1 298 29 9 3 108 1475249629578 2 
245 1 299 29 9 3 111 1475249629779 2 
244 4 300 30 9 3 114 1475249629977 2 
248 1 298 29 9 3 117 1475249630178 2 
245 1 297 29 9 3 120 1475249630379 2 
247 5 299 29 9 3 123 1475249630577 2 
246 1 298 29 9 3 126 1475249630814 2 
244 5 300 29 9 3 129 1475249631015 2 
247 5 299 29 9 3 132 1475249631213 2 
245 1 293 29 9 3 135 1475249631414 2 
247 4 299 28 9 3 138 1475249631681 2 
245 4 297 28 9 3 141 1475249631881 2 
245 3 299 29 9 3 144 1475249632113 2 
246 1 298 29 9 3 147 1475249632347 2 
247 1 297 29 9 3 150 1475249632545 2 
247 1 297 29 9 3 153 1475249632746 2 
245 4 295 30 9 3 156 1475249632982 2 
239 1 299 29 9 3 159 1475249633181 2 
246 1 298 29 9 3 162 1475249633450 2 
246 1 298 29 9 3 165 1475249633648 2 
247 1 293 29 9 3 168 1475249633850 2 
246 5 298 29 9 3 171 1475249634050 2 
246 5 300 29 9 3 174 1475249634249 2 
244 1 298 29 9 3 177 1475249634450 2 
246 1 300 29 9 3 180 1475249634650 2 
245 1 299 29 9 3 183 1475249634849 2 
246 1 300 29 9 3 186 1475249635054 2 
246 1 300 29 9 3 189 1475249635285 2 
245 1 285 31 9 3 192 1475249635484 2 
245 5 263 29 9 3 195 1475249635688 2 
241 1 313 87 10 3 198 1475249636357 2 
236 1 314 85 10 3 201 1475249636586 2 
238 1 314 81 10 3 204 1475249636786 2 
248 1 314 81 10 3 207 1475249636985 2 
246 1 314 75 10 3 210 1475249637186 2 
245 1 313 71 10 3 213 1475249637387 2 
259 1 305 23 10 3 216 1475249637586 2 
260 1 290 23 10 3 219 1475249637785 2 
258 1 274 11 10 3 222 1475249638022 2 
29 1 51 13 12 3 225 1475249655538 2 
1 1 35 17 12 3 228 1475249655738 2 
1 1 29 17 12 3 231 1475249655938 2 
165 1 179 9 15 3 234 1475249704219 2 
154 1 176 11 15 3 237 1475249704420 2 
117 1 159 17 15 3 240 1475249704620 2 
31 1 111 35 15 3 243 1475249704855 2 
12 1 74 43 15 3 246 1475249705056 2 
1 1 45 29 15 3 249 1475249705256 2 
297 203 311 209 17 3 252 1475249734455 2 
297 203 311 209 17 3 255 1475249735488 2 
297 203 311 209 17 3 258 1475249736120 2 
297 203 311 209 17 3 261 1475249736555 2 
297 203 311 209 17 3 264 1475249737356 2 
297 203 311 209 17 3 267 1475249737623 2 
297 203 311 209 17 3 270 1475249737992 2 
297 203 311 209 17 3 273 1475249738892 2 
297 203 311 209 17 3 276 1475249740125 2 
297 203 311 209 17 3 279 1475249741059 2 
297 203 311 209 17 3 282 1475249743164 2 
297 203 311 209 17 3 285 1475249744862 2 
297 203 311 209 17 3 288 1475249745864 2 
297 203 311 209 17 3 291 1475249746632 2 
297 203 311 209 17 3 294 1475249748568 2 
297 203 311 209 17 3 297 1475249748900 2 
297 203 311 209 17 3 300 1475249749504 2 
297 203 311 209 17 3 303 1475249750536 2 
297 203 311 209 17 3 306 1475249751403 2 
297 203 311 209 17 3 309 1475249752002 2 
297 203 311 209 17 3 312 1475249752603 2 
297 203 311 209 17 3 315 1475249753272 2 
297 203 311 209 17 3 318 1475249753739 2 
297 203 311 209 17 3 321 1475249754440 2 
297 203 311 209 17 3 324 1475249754940 2 
297 203 311 209 17 3 327 1475249755276 2 
297 203 311 209 17 3 330 1475249755944 2 
297 203 311 209 17 3 333 1475249756476 2 
297 203 311 209 17 3 336 1475249756878 2 
297 203 311 209 17 3 339 1475249757510 2 
297 203 311 209 17 3 342 1475249758543 2 
297 203 311 209 17 3 345 1475249759279 2 
297 203 311 209 17 3 348 1475249759547 2 
297 203 311 209 17 3 351 1475249759812 2 
297 203 311 209 17 3 354 1475249760379 2 
297 203 311 209 17 3 357 1475249761647 2 
297 203 311 209 17 3 360 1475249761915 2 
297 203 311 209 17 3 363 1475249763751 2 
297 203 311 209 17 3 366 1475249764551 2 
297 203 311 209 17 3 369 1475249766318 2 
297 203 311 209 17 3 372 1475249768555 2 
297 203 311 209 17 3 375 1475249769423 2 
297 203 305 209 23 3 378 1475250019513 2 
1 34 27 54 24 3 378 1475250019513 2 
298 203 306 209 23 3 381 1475250019712 2 
1 4 43 48 24 3 381 1475250019712 2 
297 203 305 209 23 3 384 1475250019913 2 
1 1 59 51 24 3 384 1475250019913 2 
297 203 305 209 23 3 387 1475250020149 2 
1 1 91 49 24 3 387 1475250020149 2 
45 1 123 51 24 3 390 1475250020348 2 
84 1 150 57 24 3 393 1475250020549 2 
297 203 307 209 25 3 393 1475250020549 2 
123 1 181 41 24 3 396 1475250020748 2 
297 203 307 209 25 3 396 1475250020748 2 
134 1 176 31 24 3 399 1475250020948 2 
297 203 307 209 25 3 399 1475250020948 2 
174 1 236 27 24 3 402 1475250021149 2 
297 203 307 209 25 3 402 1475250021149 2 
204 1 236 25 24 3 405 1475250021349 2 
297 203 307 209 25 3 405 1475250021349 2 
219 1 249 19 24 3 408 1475250021581 2 
297 203 307 209 25 3 408 1475250021581 2 
240 1 260 7 24 3 411 1475250021781 2 
297 203 307 209 25 3 411 1475250021781 2 
301 203 307 209 27 3 414 1475250030925 2 
302 11 314 25 28 3 414 1475250030925 2 
299 203 307 209 27 3 417 1475250031123 2 
289 1 313 27 28 3 417 1475250031123 2 
297 203 307 209 27 3 420 1475250031327 2 
281 1 313 27 28 3 420 1475250031327 2 
297 203 307 209 27 3 423 1475250031527 2 
275 1 307 25 28 3 423 1475250031527 2 
298 203 306 209 27 3 426 1475250031728 2 
259 1 279 23 28 3 426 1475250031728 2 
213 1 231 9 28 3 429 1475250031993 2 
213 1 231 9 28 3 432 1475250032191 2 
297 203 307 209 29 3 432 1475250032191 2 
297 203 311 209 32 3 435 1475250054883 2 
274 1 314 43 33 3 435 1475250054883 2 
297 203 311 209 32 3 438 1475250055085 2 
246 1 314 45 33 3 438 1475250055085 2 
297 204 311 210 32 3 441 1475250055285 2 
215 1 313 43 33 3 441 1475250055285 2 
303 204 311 210 32 3 444 1475250055483 2 
183 1 283 45 33 3 444 1475250055483 2 
301 203 311 209 32 3 447 1475250055684 2 
157 1 251 43 33 3 447 1475250055684 2 
302 203 312 209 32 3 450 1475250055951 2 
116 1 208 47 33 3 450 1475250055951 2 
303 204 311 210 32 3 453 1475250056152 2 
71 1 175 51 33 3 453 1475250056152 2 
297 203 311 209 32 3 456 1475250056353 2 
21 1 141 55 33 3 456 1475250056353 2 
299 203 313 209 32 3 459 1475250056585 2 
1 1 107 59 33 3 459 1475250056585 2 
303 204 311 210 32 3 462 1475250056784 2 
1 1 79 59 33 3 462 1475250056784 2 
297 203 311 209 32 3 465 1475250056983 2 
1 1 49 57 33 3 465 1475250056983 2 
297 203 311 209 32 3 468 1475250057185 2 
1 1 23 53 33 3 468 1475250057185 2 
297 203 311 209 32 3 471 1475250057389 2 
14 1 48 31 33 3 471 1475250057389 2 
303 204 311 210 32 3 474 1475250057588 2 
1 1 33 35 33 3 474 1475250057588 2 
297 203 311 209 32 3 477 1475250057787 2 
1 6 25 22 33 3 477 1475250057787 2 
297 203 311 209 32 3 480 1475250057988 2 
1 17 9 43 33 3 480 1475250057988 2 
295 203 311 209 32 3 483 1475250058420 2 
292 203 312 209 32 3 486 1475250058889 2 
297 203 311 209 32 3 489 1475250059488 2 
293 203 311 209 32 3 492 1475250059788 2 
297 203 311 209 32 3 495 1475250060156 2 
295 203 311 209 32 3 498 1475250060523 2 
297 203 311 209 32 3 501 1475250060723 2 
297 203 313 209 32 3 504 1475250061456 2 
297 203 311 209 32 3 507 1475250061658 2 
297 203 311 209 32 3 510 1475250062025 2 
297 203 311 209 32 3 513 1475250062362 2 
297 203 313 209 32 3 516 1475250062694 2 
297 203 311 209 32 3 519 1475250063031 2 
297 203 311 209 32 3 522 1475250063928 2 
297 203 313 209 32 3 525 1475250064392 2 
297 203 313 209 32 3 528 1475250064996 2 
297 203 313 209 32 3 531 1475250065596 2 
297 203 313 209 32 3 534 1475250066127 2 
297 203 311 209 32 3 537 1475250066727 2 
297 203 311 209 32 3 540 1475250067228 2 
297 203 311 209 32 3 543 1475250068064 2 
297 203 311 209 32 3 546 1475250068699 2 
297 203 311 209 32 3 549 1475250068899 2 
297 203 313 209 32 3 552 1475250069535 2 
297 203 313 209 32 3 555 1475250070003 2 
297 203 311 209 32 3 558 1475250070539 2 
297 203 313 209 32 3 561 1475250071335 2 
297 203 313 209 32 3 564 1475250072068 2 
297 203 313 209 32 3 567 1475250072767 2 
297 203 311 209 32 3 570 1475250074303 2 
297 203 311 209 32 3 573 1475250074634 2 
297 203 313 209 32 3 576 1475250075171 2 
297 203 313 209 32 3 579 1475250076172 2 
297 203 311 209 32 3 582 1475250076508 2 
297 203 311 209 32 3 585 1475250077175 2 
297 203 311 209 32 3 588 1475250077912 2 
297 203 313 209 32 3 591 1475250078508 2 
297 203 313 209 32 3 594 1475250078908 2 
297 203 313 209 32 3 597 1475250079176 2 
297 203 313 209 32 3 600 1475250080376 2 
297 203 313 209 32 3 603 1475250081076 2 
297 203 313 209 32 3 606 1475250081679 2 
297 203 313 209 32 3 609 1475250081879 2 
297 203 313 209 32 3 612 1475250082144 2 
297 203 311 209 32 3 615 1475250082444 2 
297 203 311 209 32 3 618 1475250082647 2 
297 203 311 209 32 3 621 1475250083080 2 
297 203 313 209 32 3 624 1475250083280 2 
297 203 313 209 32 3 627 1475250083980 2 
170 225 180 235 51 3 630 1475250171404 2 
173 1 189 17 106 3 633 1475250267638 2 
150 1 162 29 106 3 636 1475250267871 2 
101 1 167 39 106 3 639 1475250268104 2 
57 1 163 47 106 3 642 1475250268303 2 
13 1 153 47 106 3 645 1475250268504 2 
1 1 127 61 106 3 648 1475250268704 2 
1 1 97 59 106 3 651 1475250268904 2 
1 1 71 57 106 3 654 1475250269140 2 
1 4 33 54 106 3 657 1475250269371 2 
10 1 66 27 106 3 660 1475250269572 2 
1 1 11 41 106 3 663 1475250269808 2 
1 7 23 19 106 3 666 1475250270007 2 
296 203 312 209 123 3 669 1475250299334 2 
295 203 313 209 123 3 672 1475250299601 2 
294 203 312 209 123 3 675 1475250299802 2 
292 203 312 209 123 3 678 1475250300002 2 
294 203 312 209 123 3 681 1475250300270 2 
292 203 312 209 123 3 684 1475250300471 2 
294 203 312 209 123 3 687 1475250300669 2 
292 203 312 209 123 3 690 1475250300903 2 
294 203 312 209 123 3 693 1475250301170 2 
292 203 312 209 123 3 696 1475250301438 2 
292 203 312 209 123 3 699 1475250301907 2 
292 203 312 209 123 3 702 1475250302171 2 
296 203 312 209 123 3 705 1475250302373 2 
295 203 311 209 123 3 708 1475250302638 2 
292 203 312 209 123 3 711 1475250302837 2 
294 203 312 209 123 3 714 1475250303039 2 
292 203 312 209 123 3 717 1475250303337 2 
292 203 312 209 123 3 720 1475250303605 2 
293 203 313 209 123 3 723 1475250303807 2 
294 203 312 209 123 3 726 1475250304005 2 
292 203 312 209 123 3 729 1475250304341 2 
294 203 312 209 123 3 732 1475250304574 2 
292 203 312 209 123 3 735 1475250304809 2 
292 203 312 209 123 3 738 1475250305142 2 
292 203 312 209 123 3 741 1475250305409 2 
292 203 312 209 123 3 744 1475250305610 2 
292 203 312 209 123 3 747 1475250305876 2 
292 203 312 209 123 3 750 1475250306078 2 
293 203 307 209 123 3 753 1475250306281 2 
292 203 310 209 123 3 756 1475250306482 2 
292 203 312 209 123 3 759 1475250306680 2 
294 203 312 209 123 3 762 1475250307078 2 
293 204 313 210 123 3 765 1475250307278 2 
296 203 312 209 123 3 768 1475250307479 2 
292 203 312 209 123 3 771 1475250307677 2 
294 203 312 209 123 3 774 1475250308046 2 
292 203 312 209 123 3 777 1475250308277 2 
292 203 312 209 123 3 780 1475250308546 2 
292 203 312 209 123 3 783 1475250308745 2 
294 203 312 209 123 3 786 1475250308946 2 
292 203 312 209 123 3 789 1475250309213 2 
294 203 312 209 123 3 792 1475250309414 2 
293 203 313 209 123 3 795 1475250309614 2 
293 203 313 209 123 3 798 1475250309945 2 
295 203 313 209 123 3 801 1475250310413 2 
292 203 312 209 123 3 804 1475250310713 2 
294 203 312 209 123 3 807 1475250311013 2 
292 203 312 209 123 3 810 1475250311283 2 
294 203 312 209 123 3 813 1475250311549 2 
295 203 313 209 123 3 816 1475250311814 2 
298 203 312 209 123 3 819 1475250312081 2 
294 203 312 209 123 3 822 1475250312351 2 
296 203 312 209 123 3 825 1475250312549 2 
292 203 312 209 123 3 828 1475250312750 2 
294 203 312 209 123 3 831 1475250312950 2 
294 203 312 209 123 3 834 1475250313149 2 
292 203 310 209 123 3 837 1475250313552 2 
295 203 311 209 123 3 840 1475250313820 2 
294 203 312 209 123 3 843 1475250314021 2 
294 203 312 209 123 3 846 1475250314385 2 
292 203 312 209 123 3 849 1475250314586 2 
293 203 313 209 123 3 852 1475250314985 2 
292 203 312 209 123 3 855 1475250315318 2 
292 203 312 209 123 3 858 1475250315555 2 
294 203 312 209 123 3 861 1475250315918 2 
297 203 313 209 123 3 864 1475250316122 2 
294 203 312 209 123 3 867 1475250316386 2 
294 203 312 209 123 3 870 1475250316586 2 
294 203 310 209 123 3 873 1475250317085 2 
294 203 312 209 123 3 876 1475250317354 2 
295 203 313 209 123 3 879 1475250317622 2 
292 203 312 209 123 3 882 1475250317890 2 
294 203 312 209 123 3 885 1475250318090 2 
295 203 313 209 123 3 888 1475250318453 2 
293 203 313 209 123 3 891 1475250318657 2 
156 1 190 47 124 3 891 1475250318657 2 
294 203 312 209 123 3 894 1475250318857 2 
121 1 169 59 124 3 894 1475250318857 2 
295 203 311 209 123 3 897 1475250319058 2 
58 1 136 67 124 3 897 1475250319058 2 
295 203 311 209 123 3 900 1475250319257 2 
3 1 117 71 124 3 900 1475250319257 2 
296 203 312 209 123 3 903 1475250319491 2 
1 1 103 71 124 3 903 1475250319491 2 
297 203 313 209 123 3 906 1475250319758 2 
1 1 103 71 124 3 906 1475250319758 2 
292 203 312 209 123 3 909 1475250319958 2 
1 42 23 66 125 3 909 1475250319958 2 
295 203 313 209 123 3 912 1475250320157 2 
1 54 11 64 125 3 912 1475250320157 2 
292 203 312 209 123 3 915 1475250320358 2 
294 203 312 209 123 3 918 1475250320558 2 
294 203 312 209 123 3 921 1475250320826 2 
294 203 312 209 123 3 924 1475250321092 2 
294 203 312 209 123 3 927 1475250321361 2 
295 203 311 209 123 3 930 1475250321560 2 
292 203 312 209 123 3 933 1475250321894 2 
294 203 312 209 123 3 936 1475250322227 2 
293 203 313 209 123 3 939 1475250322425 2 
295 203 311 209 123 3 942 1475250322625 2 
292 203 310 209 123 3 945 1475250322826 2 
293 203 313 209 123 3 948 1475250323162 2 
292 203 312 209 123 3 951 1475250323493 2 
294 203 312 209 123 3 954 1475250323694 2 
292 203 312 209 123 3 957 1475250323894 2 
292 203 312 209 123 3 960 1475250324230 2 
294 203 312 209 123 3 963 1475250324462 2 
294 203 310 209 123 3 966 1475250324662 2 
294 203 312 209 123 3 969 1475250324930 2 
292 203 312 209 123 3 972 1475250325130 2 
295 203 313 209 123 3 975 1475250325329 2 
294 203 312 209 123 3 978 1475250325530 2 
292 203 312 209 123 3 981 1475250325830 2 
294 203 312 209 123 3 984 1475250326097 2 
295 203 313 209 123 3 987 1475250326298 2 
295 203 313 209 123 3 990 1475250326697 2 
295 203 311 209 123 3 993 1475250327030 2 
294 203 312 209 123 3 996 1475250327230 2 
296 203 312 209 123 3 999 1475250327566 2 
292 203 312 209 123 3 1002 1475250327834 2 
294 203 312 209 123 3 1005 1475250328166 2 
292 203 312 209 123 3 1008 1475250328364 2 
293 203 313 209 123 3 1011 1475250328769 2 
296 203 312 209 123 3 1014 1475250329106 2 
294 203 312 209 123 3 1017 1475250329334 2 
176 229 184 235 126 3 1017 1475250329334 2 
292 203 312 209 123 3 1020 1475250329534 2 
176 229 184 235 126 3 1020 1475250329534 2 
294 203 312 209 123 3 1023 1475250329934 2 
294 203 312 209 123 3 1026 1475250330134 2 
292 203 312 209 123 3 1029 1475250330332 2 
293 203 313 209 123 3 1032 1475250330602 2 
294 203 312 209 123 3 1035 1475250330968 2 
295 203 311 209 123 3 1038 1475250331170 2 
292 203 312 209 123 3 1041 1475250331437 2 
294 203 312 209 123 3 1044 1475250331637 2 
292 203 312 209 123 3 1047 1475250331902 2 
292 203 312 209 123 3 1050 1475250332138 2 
295 203 313 209 123 3 1053 1475250332336 2 
294 203 312 209 123 3 1056 1475250332537 2 
296 203 312 209 123 3 1059 1475250332804 2 
292 203 312 209 123 3 1062 1475250333170 2 
294 203 312 209 123 3 1065 1475250333506 2 
294 203 312 209 123 3 1068 1475250333836 2 
295 203 311 209 123 3 1071 1475250334175 2 
294 203 312 209 123 3 1074 1475250334437 2 
293 203 311 209 123 3 1077 1475250334706 2 
20 25 54 95 131 3 1080 1475250381689 2 
1 1 83 87 131 3 1083 1475250381889 2 
1 1 113 73 131 3 1086 1475250382093 2 
22 1 132 67 131 3 1089 1475250382291 2 
117 1 177 35 131 3 1092 1475250382561 2 
133 1 191 19 131 3 1095 1475250382758 2 
6 1 112 63 132 3 1095 1475250382758 2 
191 1 205 7 131 3 1098 1475250382961 2 
63 1 149 53 132 3 1098 1475250382961 2 
147 1 165 19 131 3 1101 1475250383163 2 
100 1 146 49 132 3 1101 1475250383163 2 
139 1 185 45 131 3 1104 1475250383364 2 
115 1 157 47 132 3 1104 1475250383364 2 
195 1 233 31 131 3 1107 1475250383563 2 
230 1 256 13 131 3 1110 1475250383767 2 
243 1 265 7 131 3 1113 1475250383968 2 
296 1 314 21 134 3 1116 1475250447387 2 
48 213 80 239 135 3 1119 1475250451062 2 
1 194 73 238 135 3 1122 1475250451327 2 
1 183 91 239 135 3 1125 1475250451526 2 
1 164 95 238 135 3 1128 1475250451758 2 
1 146 97 228 135 3 1131 1475250451994 2 
1 125 99 225 135 3 1134 1475250452195 2 
1 108 97 228 135 3 1137 1475250452428 2 
1 110 97 230 135 3 1140 1475250452627 2 
1 95 93 229 135 3 1143 1475250452826 2 
1 93 93 231 135 3 1146 1475250453028 2 
1 93 93 229 135 3 1149 1475250453263 2 
1 162 25 168 135 3 1152 1475250453462 2 
1 159 29 173 135 3 1155 1475250453662 2 
1 91 93 229 135 3 1158 1475250453861 2 
1 91 85 229 135 3 1161 1475250454062 2 
1 92 77 238 135 3 1164 1475250454262 2 
1 92 77 238 135 3 1167 1475250454531 2 
1 219 75 239 136 3 1170 1475250454863 2 
1 219 73 239 136 3 1173 1475250455061 2 
1 217 77 239 136 3 1176 1475250455262 2 
1 219 75 239 136 3 1179 1475250455463 2 
1 219 75 239 136 3 1182 1475250455699 2 
1 215 75 239 136 3 1185 1475250455931 2 
1 219 73 239 136 3 1188 1475250456130 2 
1 218 73 238 136 4 1191 1475250456330 2 
1 220 75 238 136 4 1194 1475250456531 2 
1 219 73 239 136 3 1197 1475250456731 2 
1 220 73 238 136 4 1200 1475250456999 2 
1 217 75 239 136 3 1203 1475250457230 2 
1 220 73 238 136 4 1206 1475250457431 2 
1 218 73 238 136 3 1209 1475250457635 2 
1 220 63 238 136 3 1212 1475250457833 2 
1 220 59 238 136 3 1215 1475250458034 2 
1 219 73 239 136 4 1218 1475250458438 2 
1 219 75 239 136 3 1221 1475250458638 2 
1 219 75 239 136 3 1224 1475250458838 2 
1 217 73 239 136 3 1227 1475250459038 2 
1 218 75 238 136 3 1230 1475250459304 2 
1 218 73 238 136 3 1233 1475250459503 2 
1 219 75 239 136 3 1236 1475250459702 2 
1 218 75 238 136 3 1239 1475250459903 2 
1 219 75 239 136 3 1242 1475250460133 2 
1 219 73 239 136 3 1245 1475250460336 2 
1 219 73 239 136 3 1248 1475250460535 2 
1 218 73 238 136 3 1251 1475250460734 2 
1 218 73 238 136 3 1254 1475250460935 2 
1 219 75 239 136 3 1257 1475250461134 2 
1 220 75 238 136 3 1260 1475250461370 2 
19 219 75 239 136 3 1263 1475250461570 2 
8 218 76 238 136 3 1266 1475250461770 2 
18 220 74 238 136 3 1269 1475250462003 2 
20 220 74 238 136 3 1272 1475250462202 2 
34 220 74 238 136 3 1275 1475250462402 2 
6 220 74 238 136 3 1278 1475250462606 2 
1 219 75 239 136 3 1281 1475250462807 2 
1 220 75 238 136 3 1284 1475250463007 2 
1 189 9 209 136 3 1287 1475250463239 2 
1 100 91 238 136 3 1290 1475250463438 2 
1 101 73 185 136 3 1293 1475250463638 2 
1 105 39 167 136 3 1296 1475250463839 2 
1 121 33 141 136 3 1299 1475250464039 2 
1 123 11 137 136 3 1302 1475250464238 2 
1 219 75 239 137 3 1302 1475250464238 2 
1 219 75 239 137 3 1305 1475250464475 2 
1 219 75 239 137 3 1308 1475250464673 2 
1 219 75 239 137 3 1311 1475250464874 2 
1 218 77 238 137 3 1314 1475250465076 2 
1 219 75 239 137 3 1317 1475250465273 2 
1 218 73 238 137 3 1320 1475250465472 2 
1 220 77 238 137 3 1323 1475250465675 2 
1 219 75 239 137 3 1326 1475250465879 2 
1 219 75 239 137 3 1329 1475250466077 2 
1 219 75 239 137 3 1332 1475250466277 2 
1 219 75 239 137 3 1335 1475250466510 2 
1 217 75 239 137 3 1338 1475250466710 2 
1 219 73 239 137 3 1341 1475250466943 2 
1 219 75 239 137 3 1344 1475250467142 2 
1 220 75 238 137 3 1347 1475250467343 2 
1 220 75 238 137 3 1350 1475250467541 2 
1 219 75 239 137 3 1353 1475250467741 2 
1 217 75 239 137 3 1356 1475250467979 2 
1 220 75 238 137 3 1359 1475250468179 2 
1 219 75 239 137 3 1362 1475250468378 2 
1 220 75 238 137 3 1365 1475250468579 2 
5 218 75 238 137 3 1368 1475250468779 2 
173 224 181 236 138 3 1368 1475250468779 2 
1 219 75 239 137 3 1371 1475250468978 2 
173 224 181 236 138 3 1371 1475250468978 2 
1 219 75 239 137 3 1374 1475250469179 2 
1 219 75 239 137 3 1377 1475250469446 2 
1 217 75 239 137 3 1380 1475250469647 2 
1 217 75 239 137 3 1383 1475250469846 2 
1 217 75 239 137 3 1386 1475250470046 2 
1 218 75 238 137 3 1389 1475250470245 2 
1 219 75 239 137 3 1392 1475250470445 2 
1 220 75 238 137 3 1395 1475250470645 2 
10 18 20 38 139 3 1395 1475250470645 2 
1 218 75 238 137 3 1398 1475250470877 2 
1 1 49 91 139 3 1398 1475250470877 2 
1 219 75 239 137 3 1401 1475250471078 2 
1 1 75 87 139 3 1401 1475250471078 2 
1 219 75 239 137 3 1404 1475250471279 2 
1 1 89 83 139 3 1404 1475250471279 2 
1 219 73 239 137 3 1407 1475250471482 2 
1 1 115 89 139 3 1407 1475250471482 2 
1 219 75 239 137 3 1410 1475250471681 2 
1 1 143 89 139 3 1410 1475250471681 2 
1 219 75 239 137 3 1413 1475250471914 2 
17 1 175 87 139 3 1413 1475250471914 2 
1 219 75 239 137 3 1416 1475250472113 2 
47 1 203 81 139 3 1416 1475250472113 2 
1 219 73 239 137 3 1419 1475250472314 2 
75 1 233 79 139 3 1419 1475250472314 2 
1 220 73 238 137 3 1422 1475250472515 2 
102 1 270 77 139 3 1422 1475250472515 2 
1 219 73 239 137 3 1425 1475250472713 2 
128 1 298 75 139 3 1425 1475250472713 2 
1 215 73 239 137 3 1428 1475250472914 2 
153 1 313 77 139 3 1428 1475250472914 2 
1 217 73 239 137 3 1431 1475250473114 2 
179 1 313 75 139 3 1431 1475250473114 2 
1 219 69 239 137 3 1434 1475250473317 2 
199 1 313 75 139 3 1434 1475250473317 2 
1 219 75 239 137 3 1437 1475250473516 2 
221 1 313 75 139 3 1437 1475250473516 2 
1 218 73 238 137 3 1440 1475250473750 2 
233 1 313 75 139 3 1440 1475250473750 2 
1 219 73 239 137 3 1443 1475250473982 2 
251 1 313 73 139 3 1443 1475250473982 2 
1 219 75 239 137 3 1446 1475250474182 2 
268 1 314 73 139 3 1446 1475250474182 2 
1 219 75 239 137 3 1449 1475250474417 2 
287 1 313 73 139 3 1449 1475250474417 2 
1 220 75 238 137 3 1452 1475250474618 2 
304 5 314 73 139 3 1452 1475250474618 2 
1 219 75 239 137 3 1455 1475250474818 2 
304 5 314 73 139 3 1455 1475250474818 2 
1 220 75 238 137 3 1458 1475250475016 2 
1 219 75 239 137 3 1461 1475250475250 2 
1 219 75 239 137 3 1464 1475250475449 2 
1 219 73 239 137 3 1467 1475250475686 2 
1 220 75 238 137 3 1470 1475250475887 2 
1 219 75 239 137 3 1473 1475250476085 2 
1 219 75 239 137 3 1476 1475250476318 2 
1 219 75 239 137 3 1479 1475250476586 2 
1 219 75 239 137 3 1482 1475250476787 2 
1 217 73 239 137 3 1485 1475250477054 2 
1 220 75 238 137 3 1488 1475250477255 2 
1 218 75 238 137 3 1491 1475250477452 2 
1 220 75 238 137 3 1494 1475250477686 2 
1 219 75 239 137 3 1497 1475250477921 2 
1 218 75 238 137 3 1500 1475250478122 2 
1 220 75 238 137 3 1503 1475250478352 2 
1 219 75 239 137 3 1506 1475250478554 2 
1 220 75 238 137 3 1509 1475250478754 2 
1 218 75 238 137 3 1512 1475250478988 2 
1 218 75 238 137 3 1515 1475250479190 2 
1 219 75 239 137 3 1518 1475250479392 2 
1 219 75 239 137 3 1521 1475250479653 2 
1 217 75 239 137 3 1524 1475250479853 2 
1 219 75 239 137 3 1527 1475250480054 2 
1 219 75 239 137 3 1530 1475250480257 2 
1 219 75 239 137 3 1533 1475250480458 2 
1 220 75 238 137 3 1536 1475250480657 2 
1 218 75 238 137 3 1539 1475250480858 2 
1 219 75 239 137 3 1542 1475250481059 2 
5 219 75 239 137 3 1545 1475250481290 2 
1 219 75 239 137 3 1548 1475250481490 2 
1 219 75 239 137 3 1551 1475250481689 2 
1 218 75 238 137 3 1554 1475250481926 2 
1 219 75 239 137 3 1557 1475250482126 2 
1 218 75 238 137 3 1560 1475250482324 2 
1 219 75 239 137 3 1563 1475250482526 2 
1 219 77 239 137 3 1566 1475250482726 2 
1 219 75 239 137 3 1569 1475250482925 2 
1 217 73 239 137 3 1572 1475250483126 2 
1 218 75 238 137 3 1575 1475250483326 2 
1 215 75 239 137 3 1578 1475250483524 2 
1 219 75 239 137 3 1581 1475250483726 2 
1 219 75 239 137 3 1584 1475250483926 2 
1 218 77 238 137 3 1587 1475250484160 2 
1 220 75 238 137 3 1590 1475250484362 2 
1 219 75 239 137 3 1593 1475250484562 2 
1 219 75 239 137 3 1596 1475250484760 2 
1 219 77 239 137 3 1599 1475250484962 2 
1 219 75 239 137 3 1602 1475250485193 2 
1 219 75 239 137 3 1605 1475250485394 2 
1 220 75 238 137 3 1608 1475250485594 2 
1 218 75 238 137 3 1611 1475250485828 2 
1 215 75 239 137 3 1614 1475250486030 2 
1 218 73 238 137 3 1617 1475250486231 2 
1 218 75 238 137 3 1620 1475250486429 2 
1 218 75 238 137 3 1623 1475250486662 2 
1 219 75 239 137 3 1626 1475250486860 2 
1 220 75 238 137 3 1629 1475250487062 2 
1 219 75 239 137 3 1632 1475250487262 2 
1 217 75 239 137 3 1635 1475250487461 2 
1 219 77 239 137 3 1638 1475250487662 2 
1 215 73 239 137 3 1641 1475250487865 2 
1 220 75 238 137 3 1644 1475250488066 2 
1 219 73 239 137 3 1647 1475250488264 2 
1 220 73 238 137 3 1650 1475250488465 2 
1 217 75 239 137 3 1653 1475250488701 2 
1 219 75 239 137 3 1656 1475250488900 2 
1 219 75 239 137 3 1659 1475250489101 2 
1 220 77 238 137 3 1662 1475250489302 2 
1 219 75 239 137 3 1665 1475250489505 2 
1 218 75 238 137 3 1668 1475250489704 2 
1 219 75 239 137 3 1671 1475250489906 2 
1 217 75 239 137 3 1674 1475250490166 2 
1 214 73 238 137 3 1677 1475250490364 2 
3 219 75 239 137 3 1680 1475250490566 2 
1 219 75 239 137 3 1683 1475250490802 2 
1 220 75 238 137 3 1686 1475250491001 2 
1 219 75 239 137 3 1689 1475250491202 2 
1 220 75 238 137 3 1692 1475250491433 2 
1 220 75 238 137 3 1695 1475250491634 2 
1 216 75 238 137 3 1698 1475250491834 2 
1 218 75 238 137 3 1701 1475250492069 2 
1 219 75 239 137 3 1704 1475250492269 2 
1 219 75 239 137 3 1707 1475250492470 2 
1 219 75 239 137 3 1710 1475250492668 2 
1 218 75 238 137 3 1713 1475250492902 2 
1 217 75 239 137 3 1716 1475250493100 2 
1 217 75 239 137 3 1719 1475250493301 2 
1 219 75 239 137 3 1722 1475250493539 2 
1 219 75 239 137 3 1725 1475250493737 2 
1 219 75 239 137 3 1728 1475250493938 2 
1 219 75 239 137 3 1731 1475250494139 2 
1 219 73 239 137 3 1734 1475250494337 2 
1 218 73 238 137 3 1737 1475250494606 2 
1 217 75 239 137 3 1740 1475250494837 2 
1 219 73 239 137 3 1743 1475250495037 2 
1 219 75 239 137 3 1746 1475250495236 2 
1 219 73 239 137 3 1749 1475250495437 2 
1 219 75 239 137 3 1752 1475250495637 2 
1 219 69 239 137 3 1755 1475250495836 2 
1 220 75 238 137 3 1758 1475250496040 2 
1 220 75 238 137 3 1761 1475250496240 2 
1 217 75 239 137 3 1764 1475250496477 2 
1 217 75 239 137 3 1767 1475250496675 2 
1 220 75 238 137 3 1770 1475250496876 2 
1 219 75 239 137 3 1773 1475250497079 2 
1 219 75 239 137 3 1776 1475250497280 2 
1 219 75 239 137 3 1779 1475250497480 2 
1 220 75 238 137 3 1782 1475250497705 2 
1 220 75 238 137 3 1785 1475250497906 2 
1 220 73 238 137 3 1788 1475250498109 2 
1 219 75 239 137 3 1791 1475250498308 2 
1 219 75 239 137 3 1794 1475250498510 2 
1 219 75 239 137 3 1797 1475250498709 2 
1 217 75 239 137 3 1800 1475250498941 2 
